EPOCHREALTIME
P9K_COMMAND_DURATION_SECONDS=0.0246620178
_POWERLEVEL9K_COMMAND_EXECUTION_TIME_THRESHOLD=3.0000000000
_POWERLEVEL9K_DIR_MIN_COMMAND_COLUMNS_PCT=50.0000000000
_POWERLEVEL9K_GCLOUD_REFRESH_PROJECT_NAME_SECONDS=60.0000000000
_POWERLEVEL9K_LOAD_CRITICAL_PCT=70.0000000000
_POWERLEVEL9K_LOAD_WARNING_PCT=50.0000000000
_POWERLEVEL9K_NEW_TTY_MAX_AGE_SECONDS=5.0000000000
_POWERLEVEL9K_PUBLIC_IP_TIMEOUT=300.0000000000
_POWERLEVEL9K_VCS_MAX_SYNC_LATENCY_SECONDS=0.0100000000
_p9k__gcloud_last_fetch_ts=0.0000000000
_p9k__gitstatus_start_time=1716302915.3482730389
_p9k__timer_start=1716302920.8425540924
_p9k__vcs_timeout=0.0073931217
_p9k_taskwarrior_next_due=0.0000000000
